v 0.02681799791753292 0.022038936614990234 0.032876886427402496
v 0.028320997953414917 0.022661924362182617 0.03364688903093338
v 0.026906998828053474 0.02294290065765381 0.032876886427402496
v 0.025721998885273933 0.023178935050964355 0.03188088908791542
v 0.02560899779200554 0.022038936614990234 0.03188088908791542
v 0.029823997989296913 0.022038936614990234 0.034121885895729065
v 0.028259998187422752 0.022038936614990234 0.03364688903093338
v 0.02605399861931801 0.024273991584777832 0.03188088908791542
v 0.029947998002171516 0.022661924362182617 0.034121885895729065
v 0.028502998873591423 0.023259997367858887 0.03364688903093338
v 0.027170998975634575 0.023811936378479004 0.032876886427402496
v 0.026593998074531555 0.02528393268585205 0.03188088908791542
v 0.030097998678684235 0.02294290065765381 0.034121885895729065
v 0.028797999024391174 0.023811936378479004 0.03364688903093338
v 0.027598997578024864 0.024612903594970703 0.032876886427402496
v 0.028174998238682747 0.025314927101135254 0.032876886427402496
v 0.027319997549057007 0.026169896125793457 0.03188088908791542
v 0.029194997623562813 0.02429497241973877 0.03364688903093338
v 0.028205998241901398 0.026895999908447266 0.03188088908791542
v 0.030546998605132103 0.0233919620513916 0.034121885895729065
v 0.029677998274564743 0.02469193935394287 0.03364688903093338
v 0.028876997530460358 0.02589094638824463 0.032876886427402496
v 0.029677998274564743 0.026318907737731934 0.032876886427402496
v 0.029215998947620392 0.027435898780822754 0.03188088908791542
v 0.030827997252345085 0.023541927337646484 0.034121885895729065
v 0.030229998752474785 0.024986982345581055 0.03364688903093338
v 0.030546998605132103 0.026582956314086914 0.032876886427402496
v 0.030310997739434242 0.02776789665222168 0.03188088908791542
v 0.031133998185396194 0.023634910583496094 0.034121885895729065
v 0.030827997252345085 0.025168895721435547 0.03364688903093338
v 0.03145100176334381 0.02788090705871582 0.03188088908791542
v 0.03145100176334381 0.025229930877685547 0.03364688903093338
v 0.03145100176334381 0.026671886444091797 0.032876886427402496
v 0.03259100019931793 0.02776789665222168 0.03188088908791542
v 0.03176800161600113 0.023634910583496094 0.034121885895729065
v 0.03207400068640709 0.025168895721435547 0.03364688903093338
v 0.03235499933362007 0.026582956314086914 0.032876886427402496
v 0.03368600085377693 0.027435898780822754 0.03188088908791542
v 0.03267199918627739 0.024986982345581055 0.03364688903093338
v 0.03322400152683258 0.026318907737731934 0.032876886427402496
v 0.034696001559495926 0.026895999908447266 0.03188088908791542
v 0.03235499933362007 0.0233919620513916 0.034121885895729065
v 0.03322400152683258 0.02469193935394287 0.03364688903093338
v 0.03402499854564667 0.02589094638824463 0.032876886427402496
v 0.03472699970006943 0.025314927101135254 0.032876886427402496
v 0.03558199852705002 0.026169896125793457 0.03188088908791542
v 0.03370700031518936 0.02429497241973877 0.03364688903093338
v 0.03630800172686577 0.02528393268585205 0.03188088908791542
v 0.03280400112271309 0.02294290065765381 0.034121885895729065
v 0.03410400077700615 0.023811936378479004 0.03364688903093338
v 0.03530300036072731 0.024612903594970703 0.032876886427402496
v 0.0357309989631176 0.023811936378479004 0.032876886427402496
v 0.036848001182079315 0.024273991584777832 0.03188088908791542
v 0.03439899906516075 0.023259997367858887 0.03364688903093338
v 0.0359949991106987 0.02294290065765381 0.032876886427402496
v 0.03717999905347824 0.023178935050964355 0.03188088908791542
v 0.03304700180888176 0.02235591411590576 0.034121885895729065
v 0.03458100184798241 0.022661924362182617 0.03364688903093338
v 0.036084000021219254 0.022038936614990234 0.032876886427402496
v 0.037292998284101486 0.022038936614990234 0.03188088908791542
v 0.03464199975132942 0.022038936614990234 0.03364688903093338
v 0.03717999905347824 0.020898938179016113 0.03188088908791542
v 0.03304700180888176 0.021721959114074707 0.034121885895729065
v 0.03458100184798241 0.02141594886779785 0.03364688903093338
v 0.0359949991106987 0.02113497257232666 0.032876886427402496
v 0.036848001182079315 0.019804000854492188 0.03188088908791542
v 0.03439899906516075 0.020817995071411133 0.03364688903093338
v 0.0357309989631176 0.020265936851501465 0.032876886427402496
v 0.03630800172686577 0.018793940544128418 0.03188088908791542
v 0.03280400112271309 0.02113497257232666 0.034121885895729065
v 0.03410400077700615 0.020265936851501465 0.03364688903093338
v 0.03530300036072731 0.019464969635009766 0.032876886427402496
v 0.03472699970006943 0.018762946128845215 0.032876886427402496
v 0.03558199852705002 0.01790797710418701 0.03188088908791542
v 0.03370700031518936 0.0197829008102417 0.03364688903093338
v 0.034696001559495926 0.017181992530822754 0.03188088908791542
v 0.03235499933362007 0.020685911178588867 0.034121885895729065
v 0.03322400152683258 0.019385933876037598 0.03364688903093338
v 0.03402499854564667 0.01818692684173584 0.032876886427402496
v 0.03322400152683258 0.017758965492248535 0.032876886427402496
v 0.03368600085377693 0.016641974449157715 0.03188088908791542
v 0.03267199918627739 0.019090890884399414 0.03364688903093338
v 0.03235499933362007 0.017494916915893555 0.032876886427402496
v 0.03259100019931793 0.01630997657775879 0.03188088908791542
v 0.03176800161600113 0.020442962646484375 0.034121885895729065
v 0.03207400068640709 0.018908977508544922 0.03364688903093338
v 0.03145100176334381 0.017405986785888672 0.032876886427402496
v 0.03145100176334381 0.01619696617126465 0.03188088908791542
v 0.03145100176334381 0.018847942352294922 0.03364688903093338
v 0.030546998605132103 0.017494916915893555 0.032876886427402496
v 0.030310997739434242 0.01630997657775879 0.03188088908791542
v 0.031133998185396194 0.020442962646484375 0.034121885895729065
v 0.030827997252345085 0.018908977508544922 0.03364688903093338
v 0.029215998947620392 0.016641974449157715 0.03188088908791542
v 0.030229998752474785 0.019090890884399414 0.03364688903093338
v 0.029677998274564743 0.017758965492248535 0.032876886427402496
v 0.028205998241901398 0.017181992530822754 0.03188088908791542
v 0.030546998605132103 0.020685911178588867 0.034121885895729065
v 0.029677998274564743 0.019385933876037598 0.03364688903093338
v 0.028876997530460358 0.01818692684173584 0.032876886427402496
v 0.028174998238682747 0.018762946128845215 0.032876886427402496
v 0.027319997549057007 0.01790797710418701 0.03188088908791542
v 0.029194997623562813 0.0197829008102417 0.03364688903093338
v 0.026593998074531555 0.018793940544128418 0.03188088908791542
v 0.030097998678684235 0.02113497257232666 0.034121885895729065
v 0.028797999024391174 0.020265936851501465 0.03364688903093338
v 0.027598997578024864 0.019464969635009766 0.032876886427402496
v 0.027170998975634575 0.020265936851501465 0.032876886427402496
v 0.02605399861931801 0.019804000854492188 0.03188088908791542
v 0.028502998873591423 0.020817995071411133 0.03364688903093338
v 0.026906998828053474 0.02113497257232666 0.032876886427402496
v 0.025721998885273933 0.020898938179016113 0.03188088908791542
v 0.029947998002171516 0.02141594886779785 0.034121885895729065
v 0.028320997953414917 0.02141594886779785 0.03364688903093338
v 0.03145100176334381 0.022038936614990234 0.034281887114048004
v 0.0298559982329607 0.02235591411590576 0.034121885895729065
v 0.03030099906027317 0.02318894863128662 0.034121885895729065
v 0.03145100176334381 0.023665904998779297 0.034121885895729065
v 0.03207400068640709 0.023541927337646484 0.034121885895729065
v 0.032600998878479004 0.02318894863128662 0.034121885895729065
v 0.03295399993658066 0.022661924362182617 0.034121885895729065
v 0.03307799994945526 0.022038936614990234 0.034121885895729065
v 0.03295399993658066 0.02141594886779785 0.034121885895729065
v 0.032600998878479004 0.020888924598693848 0.034121885895729065
v 0.03207400068640709 0.020535945892333984 0.034121885895729065
v 0.03145100176334381 0.020411968231201172 0.034121885895729065
v 0.030827997252345085 0.020535945892333984 0.034121885895729065
v 0.03030099906027317 0.020888924598693848 0.034121885895729065
v 0.0298559982329607 0.021721959114074707 0.034121885895729065
v 0.02105099894106388 0.022038936614990234 0.013782886788249016
v 0.02011699788272381 0.024292945861816406 0.015945889055728912
v 0.021250998601317406 0.024067997932434082 0.013782886788249016
v 0.018942998722195625 0.022038936614990234 0.020731888711452484
v 0.019418997690081596 0.024431943893432617 0.018291886895895004
v 0.019183998927474022 0.022038936614990234 0.018291886895895004
v 0.019183998927474022 0.022038936614990234 0.023171886801719666
v 0.02011699788272381 0.024292945861816406 0.025518886744976044
v 0.019418997690081596 0.024431943893432617 0.023171886801719666
v 0.02105099894106388 0.022038936614990234 0.027680888772010803
v 0.022776998579502106 0.02376389503479004 0.029575888067483902
v 0.021250998601317406 0.024067997932434082 0.027680888772010803
v 0.024501997977495193 0.022038936614990234 0.010331887751817703
v 0.02675599791109562 0.022972941398620605 0.009175887331366539
v 0.02666499838232994 0.022038936614990234 0.009175887331366539
v 0.022776998579502106 0.02376389503479004 0.011887887492775917
v 0.022606998682022095 0.022038936614990234 0.011887887492775917
v 0.019894998520612717 0.022038936614990234 0.015945889055728912
v 0.019183998927474022 0.024478912353515625 0.020731888711452484
v 0.019894998520612717 0.022038936614990234 0.025518886744976044
v 0.02442999742925167 0.022038936614990234 0.03102588653564453
v 0.022606998682022095 0.022038936614990234 0.029575888067483902
v 0.029057998210191727 0.022514939308166504 0.008464887738227844
v 0.029010998085141182 0.022038936614990234 0.008464887738227844
v 0.024635998532176018 0.02339494228363037 0.010331887751817703
v 0.020774997770786285 0.026460886001586914 0.025517888367176056
v 0.024564998224377632 0.023408889770507812 0.03102588653564453
v 0.02327999845147133 0.025423884391784668 0.029575888067483902
v 0.027028998360037804 0.02387094497680664 0.009175887331366539
v 0.029196998104453087 0.022972941398620605 0.008464887738227844
v 0.02503099851310253 0.02469789981842041 0.010331887751817703
v 0.020774997770786285 0.026460886001586914 0.015945889055728912
v 0.021842997521162033 0.026018977165222168 0.013782886788249016
v 0.02011699788272381 0.026733994483947754 0.018291886895895004
v 0.02011699788272381 0.026733994483947754 0.023171886801719666
v 0.021842997521162033 0.026018977165222168 0.027680888772010803
v 0.02327999845147133 0.025423884391784668 0.011887887492775917
v 0.019894998520612717 0.026825904846191406 0.020731888711452484
v 0.021842997521162033 0.02845895290374756 0.025517888367176056
v 0.025612998753786087 0.02593994140625 0.03102588653564453
v 0.02409699745476246 0.02695298194885254 0.029575888067483902
v 0.02942199818789959 0.02339494228363037 0.008464887738227844
v 0.025672998279333115 0.025899887084960938 0.010331887751817703
v 0.021842997521162033 0.02845895290374756 0.015945889055728912
v 0.02280399762094021 0.02781689167022705 0.013782886788249016
v 0.021250998601317406 0.028853893280029297 0.018291886895895004
v 0.021250998601317406 0.028853893280029297 0.023171886801719666
v 0.02280399762094021 0.02781689167022705 0.027680888772010803
v 0.027470998466014862 0.02469789981842041 0.009175887331366539
v 0.02409699745476246 0.02695298194885254 0.011887887492775917
v 0.02105099894106388 0.028987884521484375 0.020731888711452484
v 0.02409699745476246 0.02939295768737793 0.027680888772010803
v 0.02327999845147133 0.030209898948669434 0.025517888367176056
v 0.025196997448801994 0.02829289436340332 0.029575888067483902
v 0.0280659981071949 0.025423884391784668 0.009175887331366539
v 0.029725998640060425 0.02376389503479004 0.008464887738227844
v 0.025196997448801994 0.02829289436340332 0.011887887492775917
v 0.02653699740767479 0.02695298194885254 0.010331887751817703
v 0.02409699745476246 0.02939295768737793 0.013782886788249016
v 0.022776998579502106 0.03071296215057373 0.018291886895895004
v 0.022776998579502106 0.03071296215057373 0.023171886801719666
v 0.02327999845147133 0.030209898948669434 0.015945889055728912
v 0.022606998682022095 0.030882954597473145 0.020731888711452484
v 0.02503099851310253 0.0316469669342041 0.025517888367176056
v 0.027549998834729195 0.027876973152160645 0.03102588653564453
v 0.02653699740767479 0.02939295768737793 0.029575888067483902
v 0.030094997957348824 0.024067997932434082 0.008464887738227844
v 0.02653699740767479 0.02939295768737793 0.011887887492775917
v 0.02758999727666378 0.02781689167022705 0.010331887751817703
v 0.025672998279333115 0.030685901641845703 0.013782886788249016
v 0.024501997977495193 0.03243899345397949 0.020731888711452484
v 0.024635998532176018 0.03223896026611328 0.018291886895895004
v 0.024635998532176018 0.03223896026611328 0.023171886801719666
v 0.025672998279333115 0.030685901641845703 0.027680888772010803
v 0.028791997581720352 0.026018977165222168 0.009175887331366539
v 0.02503099851310253 0.0316469669342041 0.015945889055728912
v 0.027470998466014862 0.0316469669342041 0.027680888772010803
v 0.027028998360037804 0.03271496295928955 0.025517888367176056
v 0.0280659981071949 0.030209898948669434 0.029575888067483902
v 0.029618998989462852 0.026460886001586914 0.009175887331366539
v 0.03051699884235859 0.024292945861816406 0.008464887738227844
v 0.0280659981071949 0.030209898948669434 0.011887887492775917
v 0.028791997581720352 0.02845895290374756 0.010331887751817703
v 0.027470998466014862 0.0316469669342041 0.013782886788249016
v 0.02675599791109562 0.03337299823760986 0.018291886895895004
v 0.02675599791109562 0.03337299823760986 0.023171886801719666
v 0.027028998360037804 0.03271496295928955 0.015945889055728912
v 0.02666499838232994 0.03359496593475342 0.020731888711452484
v 0.02942199818789959 0.03223896026611328 0.027680888772010803
v 0.029196998104453087 0.03337299823760986 0.025517888367176056
v 0.030080998316407204 0.028924942016601562 0.03102588653564453
v 0.029725998640060425 0.03071296215057373 0.029575888067483902
v 0.030974997207522392 0.024431943893432617 0.008464887738227844
v 0.029725998640060425 0.03071296215057373 0.011887887492775917
v 0.030094997957348824 0.028853893280029297 0.010331887751817703
v 0.02942199818789959 0.03223896026611328 0.013782886788249016
v 0.029057998210191727 0.03407096862792969 0.018291886895895004
v 0.029057998210191727 0.03407096862792969 0.023171886801719666
v 0.03051699884235859 0.026733994483947754 0.009175887331366539
v 0.029196998104453087 0.03337299823760986 0.015945889055728912
v 0.029010998085141182 0.03430593013763428 0.020731888711452484
v 0.03145100176334381 0.03243899345397949 0.027680888772010803
v 0.03145100176334381 0.03359496593475342 0.025517888367176056
v 0.03145100176334381 0.029059886932373047 0.03102588653564453
v 0.03145100176334381 0.030882954597473145 0.029575888067483902
v 0.03145100176334381 0.024478912353515625 0.008464887738227844
v 0.03145100176334381 0.028987884521484375 0.010331887751817703
v 0.03145100176334381 0.03243899345397949 0.013782886788249016
v 0.03145100176334381 0.03454697132110596 0.020731888711452484
v 0.03145100176334381 0.03430593013763428 0.018291886895895004
v 0.03145100176334381 0.03430593013763428 0.023171886801719666
v 0.03145100176334381 0.026825904846191406 0.009175887331366539
v 0.03145100176334381 0.030882954597473145 0.011887887492775917
v 0.03145100176334381 0.03359496593475342 0.015945889055728912
v 0.03370499983429909 0.03337299823760986 0.025517888367176056
v 0.0331760011613369 0.03071296215057373 0.029575888067483902
v 0.03192700073122978 0.024431943893432617 0.008464887738227844
v 0.0331760011613369 0.03071296215057373 0.011887887492775917
v 0.03280699998140335 0.028853893280029297 0.010331887751817703
v 0.03370499983429909 0.03337299823760986 0.015945889055728912
v 0.033479999750852585 0.03223896026611328 0.013782886788249016
v 0.0338440015912056 0.03407096862792969 0.018291886895895004
v 0.0338440015912056 0.03407096862792969 0.023171886801719666
v 0.033479999750852585 0.03223896026611328 0.027680888772010803
v 0.032384999096393585 0.026733994483947754 0.009175887331366539
v 0.03389099985361099 0.03430593013763428 0.020731888711452484
v 0.03587299957871437 0.03271496295928955 0.025517888367176056
v 0.03282099962234497 0.028924942016601562 0.03102588653564453
v 0.03483600169420242 0.030209898948669434 0.029575888067483902
v 0.03328299894928932 0.026460886001586914 0.009175887331366539
v 0.032384999096393585 0.024292945861816406 0.008464887738227844
v 0.03410999849438667 0.02845895290374756 0.010331887751817703
v 0.03587299957871437 0.03271496295928955 0.015945889055728912
v 0.03543100133538246 0.0316469669342041 0.013782886788249016
v 0.036146000027656555 0.03337299823760986 0.018291886895895004
v 0.036146000027656555 0.03337299823760986 0.023171886801719666
v 0.03543100133538246 0.0316469669342041 0.027680888772010803
v 0.03483600169420242 0.030209898948669434 0.011887887492775917
v 0.03623799979686737 0.03359496593475342 0.020731888711452484
v 0.03787099942564964 0.0316469669342041 0.025517888367176056
v 0.03535199910402298 0.027876973152160645 0.03102588653564453
v 0.036364998668432236 0.02939295768737793 0.029575888067483902
v 0.03280699998140335 0.024067997932434082 0.008464887738227844
v 0.035312000662088394 0.02781689167022705 0.010331887751817703
v 0.03787099942564964 0.0316469669342041 0.015945889055728912
v 0.03722900152206421 0.030685901641845703 0.013782886788249016
v 0.03826599940657616 0.03223896026611328 0.018291886895895004
v 0.03826599940657616 0.03223896026611328 0.023171886801719666
v 0.03722900152206421 0.030685901641845703 0.027680888772010803
v 0.03410999849438667 0.026018977165222168 0.009175887331366539
v 0.036364998668432236 0.02939295768737793 0.011887887492775917
v 0.03840000182390213 0.03243899345397949 0.020731888711452484
v 0.038805000483989716 0.02939295768737793 0.027680888772010803
v 0.039622001349925995 0.030209898948669434 0.025517888367176056
v 0.03770500048995018 0.02829289436340332 0.029575888067483902
v 0.03483600169420242 0.025423884391784668 0.009175887331366539
v 0.0331760011613369 0.02376389503479004 0.008464887738227844
v 0.036364998668432236 0.02695298194885254 0.010331887751817703
v 0.038805000483989716 0.02939295768737793 0.013782886788249016
v 0.04012500122189522 0.03071296215057373 0.018291886895895004
v 0.04012500122189522 0.03071296215057373 0.023171886801719666
v 0.03770500048995018 0.02829289436340332 0.011887887492775917
v 0.039622001349925995 0.030209898948669434 0.015945889055728912
v 0.04029500111937523 0.030882954597473145 0.020731888711452484
v 0.04105899855494499 0.02845895290374756 0.025517888367176056
v 0.03728900104761124 0.02593994140625 0.03102588653564453
v 0.038805000483989716 0.02695298194885254 0.029575888067483902
v 0.033479999750852585 0.02339494228363037 0.008464887738227844
v 0.03722900152206421 0.025899887084960938 0.010331887751817703
v 0.04105899855494499 0.02845895290374756 0.015945889055728912
v 0.040098000317811966 0.02781689167022705 0.013782886788249016
v 0.04185099899768829 0.028987884521484375 0.020731888711452484
v 0.04165099933743477 0.028853893280029297 0.018291886895895004
v 0.04165099933743477 0.028853893280029297 0.023171886801719666
v 0.040098000317811966 0.02781689167022705 0.027680888772010803
v 0.03543100133538246 0.02469789981842041 0.009175887331366539
v 0.038805000483989716 0.02695298194885254 0.011887887492775917
v 0.04105899855494499 0.026018977165222168 0.027680888772010803
v 0.04212699830532074 0.026460886001586914 0.025517888367176056
v 0.039622001349925995 0.025423884391784668 0.029575888067483902
v 0.03587299957871437 0.02387094497680664 0.009175887331366539
v 0.03370499983429909 0.022972941398620605 0.008464887738227844
v 0.039622001349925995 0.025423884391784668 0.011887887492775917
v 0.03787099942564964 0.02469789981842041 0.010331887751817703
v 0.04105899855494499 0.026018977165222168 0.013782886788249016
v 0.042785000056028366 0.026733994483947754 0.018291886895895004
v 0.042785000056028366 0.026733994483947754 0.023171886801719666
v 0.04212699830532074 0.026460886001586914 0.015945889055728912
v 0.04300700128078461 0.026824951171875 0.020731888711452484
v 0.04165099933743477 0.024067997932434082 0.027680888772010803
v 0.042785000056028366 0.024292945861816406 0.025518886744976044
v 0.03833699971437454 0.023408889770507812 0.03102588653564453
v 0.04012500122189522 0.02376389503479004 0.029575888067483902
v 0.0338440015912056 0.022514939308166504 0.008464887738227844
v 0.04012500122189522 0.02376389503479004 0.011887887492775917
v 0.03826599940657616 0.02339494228363037 0.010331887751817703
v 0.04165099933743477 0.024067997932434082 0.013782886788249016
v 0.04348300024867058 0.024431943893432617 0.018291886895895004
v 0.04348300024867058 0.024431943893432617 0.023171886801719666
v 0.036146000027656555 0.022972941398620605 0.009175887331366539
v 0.042785000056028366 0.024292945861816406 0.015945889055728912
v 0.04371799901127815 0.024478912353515625 0.020731888711452484
v 0.04185099899768829 0.022038936614990234 0.027680888772010803
v 0.04300700128078461 0.022038936614990234 0.025518886744976044
v 0.038472000509500504 0.022038936614990234 0.03102588653564453
v 0.04029500111937523 0.022038936614990234 0.029575888067483902
v 0.03389099985361099 0.022038936614990234 0.008464887738227844
v 0.03840000182390213 0.022038936614990234 0.010331887751817703
v 0.04185099899768829 0.022038936614990234 0.013782886788249016
v 0.04395899921655655 0.022038936614990234 0.020731888711452484
v 0.04371799901127815 0.022038936614990234 0.018291886895895004
v 0.04371799901127815 0.022038936614990234 0.023171886801719666
v 0.03623799979686737 0.022038936614990234 0.009175887331366539
v 0.04029500111937523 0.022038936614990234 0.011887887492775917
v 0.04300700128078461 0.022038936614990234 0.015945889055728912
v 0.042785000056028366 0.019784927368164062 0.025518886744976044
v 0.04012500122189522 0.02031397819519043 0.029575888067483902
v 0.036146000027656555 0.021104931831359863 0.009175887331366539
v 0.0338440015912056 0.021562933921813965 0.008464887738227844
v 0.04012500122189522 0.02031397819519043 0.011887887492775917
v 0.03826599940657616 0.020682930946350098 0.010331887751817703
v 0.042785000056028366 0.019784927368164062 0.015945889055728912
v 0.04165099933743477 0.020009994506835938 0.013782886788249016
v 0.04348300024867058 0.01964592933654785 0.018291886895895004
v 0.04348300024867058 0.01964592933654785 0.023171886801719666
v 0.04165099933743477 0.020009994506835938 0.027680888772010803
v 0.04371799901127815 0.019598960876464844 0.020731888711452484
v 0.04212699830532074 0.017616987228393555 0.025518886744976044
v 0.03833699971437454 0.020668983459472656 0.03102588653564453
v 0.039622001349925995 0.0186539888381958 0.029575888067483902
v 0.03587299957871437 0.020206928253173828 0.009175887331366539
v 0.03370499983429909 0.021104931831359863 0.008464887738227844
v 0.03787099942564964 0.01937997341156006 0.010331887751817703
v 0.04212699830532074 0.017616987228393555 0.015945889055728912
v 0.04105899855494499 0.0180588960647583 0.013782886788249016
v 0.042785000056028366 0.017343997955322266 0.018291886895895004
v 0.042785000056028366 0.017343997955322266 0.023171886801719666
v 0.04105899855494499 0.0180588960647583 0.027680888772010803
v 0.039622001349925995 0.0186539888381958 0.011887887492775917
v 0.04300700128078461 0.017251968383789062 0.020731888711452484
v 0.04105899855494499 0.01561892032623291 0.025518886744976044
v 0.03728900104761124 0.01813793182373047 0.03102588653564453
v 0.038805000483989716 0.01712489128112793 0.029575888067483902
v 0.033479999750852585 0.020682930946350098 0.008464887738227844
v 0.03722900152206421 0.01817798614501953 0.010331887751817703
v 0.04105899855494499 0.01561892032623291 0.015945889055728912
v 0.040098000317811966 0.016260981559753418 0.013782886788249016
v 0.04165099933743477 0.015223979949951172 0.018291886895895004
v 0.04165099933743477 0.015223979949951172 0.023171886801719666
v 0.040098000317811966 0.016260981559753418 0.027680888772010803
v 0.03543100133538246 0.01937997341156006 0.009175887331366539
v 0.038805000483989716 0.01712489128112793 0.011887887492775917
v 0.04185099899768829 0.015089988708496094 0.020731888711452484
v 0.039622001349925995 0.013867974281311035 0.025518886744976044
v 0.03770500048995018 0.01578497886657715 0.029575888067483902
v 0.03483600169420242 0.0186539888381958 0.009175887331366539
v 0.0331760011613369 0.02031397819519043 0.008464887738227844
v 0.03770500048995018 0.01578497886657715 0.011887887492775917
v 0.036364998668432236 0.01712489128112793 0.010331887751817703
v 0.039622001349925995 0.013867974281311035 0.015945889055728912
v 0.038805000483989716 0.014684915542602539 0.013782886788249016
v 0.04012500122189522 0.013364911079406738 0.018291886895895004
v 0.04012500122189522 0.013364911079406738 0.023171886801719666
v 0.038805000483989716 0.014684915542602539 0.027680888772010803
v 0.04029500111937523 0.013194918632507324 0.020731888711452484
v 0.03787099942564964 0.012430906295776367 0.025518886744976044
v 0.03535199910402298 0.016200900077819824 0.03102588653564453
v 0.036364998668432236 0.014684915542602539 0.029575888067483902
v 0.03280699998140335 0.020009994506835938 0.008464887738227844
v 0.035312000662088394 0.016260981559753418 0.010331887751817703
v 0.03787099942564964 0.012430906295776367 0.015945889055728912
v 0.03722900152206421 0.013391971588134766 0.013782886788249016
v 0.03840000182390213 0.011638998985290527 0.020731888711452484
v 0.03826599940657616 0.011838912963867188 0.018291886895895004
v 0.03826599940657616 0.011838912963867188 0.023171886801719666
v 0.03722900152206421 0.013391971588134766 0.027680888772010803
v 0.03410999849438667 0.0180588960647583 0.009175887331366539
v 0.036364998668432236 0.014684915542602539 0.011887887492775917
v 0.03543100133538246 0.012430906295776367 0.027680888772010803
v 0.03587299957871437 0.011362910270690918 0.025518886744976044
v 0.03483600169420242 0.013867974281311035 0.029575888067483902
v 0.03328299894928932 0.017616987228393555 0.009175887331366539
v 0.032384999096393585 0.019784927368164062 0.008464887738227844
v 0.03483600169420242 0.013867974281311035 0.011887887492775917
v 0.03410999849438667 0.01561892032623291 0.010331887751817703
v 0.03543100133538246 0.012430906295776367 0.013782886788249016
v 0.03623799979686737 0.01048290729522705 0.020731888711452484
v 0.036146000027656555 0.010704994201660156 0.018291886895895004
v 0.036146000027656555 0.010704994201660156 0.023171886801719666
v 0.03587299957871437 0.011362910270690918 0.015945889055728912
v 0.033479999750852585 0.011838912963867188 0.027680888772010803
v 0.03370499983429909 0.010704994201660156 0.025518886744976044
v 0.03282099962234497 0.015152931213378906 0.03102588653564453
v 0.0331760011613369 0.013364911079406738 0.029575888067483902
v 0.03192700073122978 0.01964592933654785 0.008464887738227844
v 0.0331760011613369 0.013364911079406738 0.011887887492775917
v 0.03280699998140335 0.015223979949951172 0.010331887751817703
v 0.033479999750852585 0.011838912963867188 0.013782886788249016
v 0.03389099985361099 0.009771943092346191 0.020731888711452484
v 0.0338440015912056 0.010006904602050781 0.018291886895895004
v 0.0338440015912056 0.010006904602050781 0.023171886801719666
v 0.032384999096393585 0.017343997955322266 0.009175887331366539
v 0.03370499983429909 0.010704994201660156 0.015945889055728912
v 0.03145100176334381 0.011638998985290527 0.027680888772010803
v 0.03145100176334381 0.01048290729522705 0.025518886744976044
v 0.03145100176334381 0.015017986297607422 0.03102588653564453
v 0.03145100176334381 0.013194918632507324 0.029575888067483902
v 0.03145100176334381 0.01725292205810547 0.009175887331366539
v 0.03145100176334381 0.019598960876464844 0.008464887738227844
v 0.03145100176334381 0.015089988708496094 0.010331887751817703
v 0.03145100176334381 0.011638998985290527 0.013782886788249016
v 0.03145100176334381 0.009530901908874512 0.020731888711452484
v 0.03145100176334381 0.009771943092346191 0.018291886895895004
v 0.03145100176334381 0.009771943092346191 0.023171886801719666
v 0.03145100176334381 0.013194918632507324 0.011887887492775917
v 0.03145100176334381 0.01048290729522705 0.015945889055728912
v 0.029196998104453087 0.010704994201660156 0.025518886744976044
v 0.029725998640060425 0.013364911079406738 0.029575888067483902
v 0.030974997207522392 0.01964592933654785 0.008464887738227844
v 0.029725998640060425 0.013364911079406738 0.011887887492775917
v 0.030094997957348824 0.015223979949951172 0.010331887751817703
v 0.029196998104453087 0.010704994201660156 0.015945889055728912
v 0.02942199818789959 0.011838912963867188 0.013782886788249016
v 0.029057998210191727 0.010006904602050781 0.018291886895895004
v 0.029057998210191727 0.010006904602050781 0.023171886801719666
v 0.02942199818789959 0.011838912963867188 0.027680888772010803
v 0.03051699884235859 0.017343997955322266 0.009175887331366539
v 0.029010998085141182 0.009771943092346191 0.020731888711452484
v 0.027028998360037804 0.011362910270690918 0.025518886744976044
v 0.030080998316407204 0.015152931213378906 0.03102588653564453
v 0.0280659981071949 0.013867974281311035 0.029575888067483902
v 0.029618998989462852 0.017616987228393555 0.009175887331366539
v 0.03051699884235859 0.019784927368164062 0.008464887738227844
v 0.028791997581720352 0.01561892032623291 0.010331887751817703
v 0.027028998360037804 0.011362910270690918 0.015945889055728912
v 0.027470998466014862 0.012430906295776367 0.013782886788249016
v 0.02666499838232994 0.01048290729522705 0.020731888711452484
v 0.02675599791109562 0.010704994201660156 0.018291886895895004
v 0.02675599791109562 0.010704994201660156 0.023171886801719666
v 0.027470998466014862 0.012430906295776367 0.027680888772010803
v 0.0280659981071949 0.013867974281311035 0.011887887492775917
v 0.02503099851310253 0.012430906295776367 0.025518886744976044
v 0.027549998834729195 0.016200900077819824 0.03102588653564453
v 0.02653699740767479 0.014684915542602539 0.029575888067483902
v 0.030094997957348824 0.020009994506835938 0.008464887738227844
v 0.02758999727666378 0.016260981559753418 0.010331887751817703
v 0.02503099851310253 0.012430906295776367 0.015945889055728912
v 0.025672998279333115 0.013391971588134766 0.013782886788249016
v 0.024501997977495193 0.011638998985290527 0.020731888711452484
v 0.024635998532176018 0.011838912963867188 0.018291886895895004
v 0.024635998532176018 0.011838912963867188 0.023171886801719666
v 0.025672998279333115 0.013391971588134766 0.027680888772010803
v 0.028791997581720352 0.0180588960647583 0.009175887331366539
v 0.02653699740767479 0.014684915542602539 0.011887887492775917
v 0.02409699745476246 0.014684915542602539 0.027680888772010803
v 0.02327999845147133 0.013867974281311035 0.025518886744976044
v 0.025196997448801994 0.01578497886657715 0.029575888067483902
v 0.0280659981071949 0.0186539888381958 0.009175887331366539
v 0.029725998640060425 0.02031397819519043 0.008464887738227844
v 0.025196997448801994 0.01578497886657715 0.011887887492775917
v 0.02653699740767479 0.01712489128112793 0.010331887751817703
v 0.02327999845147133 0.013867974281311035 0.015945889055728912
v 0.02409699745476246 0.014684915542602539 0.013782886788249016
v 0.022776998579502106 0.013364911079406738 0.018291886895895004
v 0.022776998579502106 0.013364911079406738 0.023171886801719666
v 0.022606998682022095 0.013194918632507324 0.020731888711452484
v 0.021842997521162033 0.01561892032623291 0.025518886744976044
v 0.026485998183488846 0.017073988914489746 0.03102588653564453
v 0.02409699745476246 0.01712489128112793 0.029575888067483902
v 0.02942199818789959 0.020682930946350098 0.008464887738227844
v 0.025672998279333115 0.01817798614501953 0.010331887751817703
v 0.021842997521162033 0.01561892032623291 0.015945889055728912
v 0.02280399762094021 0.016260981559753418 0.013782886788249016
v 0.02105099894106388 0.015089988708496094 0.020731888711452484
v 0.021250998601317406 0.015223979949951172 0.018291886895895004
v 0.021250998601317406 0.015223979949951172 0.023171886801719666
v 0.02280399762094021 0.016260981559753418 0.027680888772010803
v 0.027470998466014862 0.01937997341156006 0.009175887331366539
v 0.02409699745476246 0.01712489128112793 0.011887887492775917
v 0.021842997521162033 0.0180588960647583 0.027680888772010803
v 0.020774997770786285 0.017616987228393555 0.025518886744976044
v 0.025612998753786087 0.01813793182373047 0.03102588653564453
v 0.02327999845147133 0.0186539888381958 0.029575888067483902
v 0.027028998360037804 0.020206928253173828 0.009175887331366539
v 0.029196998104453087 0.021104931831359863 0.008464887738227844
v 0.02327999845147133 0.0186539888381958 0.011887887492775917
v 0.02503099851310253 0.01937997341156006 0.010331887751817703
v 0.021842997521162033 0.0180588960647583 0.013782886788249016
v 0.02011699788272381 0.017343997955322266 0.018291886895895004
v 0.02011699788272381 0.017343997955322266 0.023171886801719666
v 0.020774997770786285 0.017616987228393555 0.015945889055728912
v 0.019894998520612717 0.01725292205810547 0.020731888711452484
v 0.021250998601317406 0.020009994506835938 0.027680888772010803
v 0.02011699788272381 0.019784927368164062 0.025518886744976044
v 0.024564998224377632 0.020668983459472656 0.03102588653564453
v 0.022776998579502106 0.02031397819519043 0.029575888067483902
v 0.029057998210191727 0.021562933921813965 0.008464887738227844
v 0.022776998579502106 0.02031397819519043 0.011887887492775917
v 0.024635998532176018 0.020682930946350098 0.010331887751817703
v 0.021250998601317406 0.020009994506835938 0.013782886788249016
v 0.019418997690081596 0.01964592933654785 0.018291886895895004
v 0.019418997690081596 0.01964592933654785 0.023171886801719666
v 0.02675599791109562 0.021104931831359863 0.009175887331366539
v 0.02011699788272381 0.019784927368164062 0.015945889055728912
v 0.019183998927474022 0.019598960876464844 0.020731888711452484
v 0.03145100176334381 0.022038936614990234 0.008223887532949448
v 0.02496499754488468 0.019351959228515625 0.03102588653564453
v 0.028763998299837112 0.015552997589111328 0.03102588653564453
v 0.03413800150156021 0.015552997589111328 0.03102588653564453
v 0.03793700039386749 0.019351959228515625 0.03102588653564453
v 0.03793700039386749 0.024725914001464844 0.03102588653564453
v 0.03413800150156021 0.02852499485015869 0.03102588653564453
v 0.028763998299837112 0.02852499485015869 0.03102588653564453
v 0.02496499754488468 0.024725914001464844 0.03102588653564453
v 0.026485998183488846 0.027003884315490723 0.03102588653564453
v 0.03641600161790848 0.027003884315490723 0.03102588653564453
v 0.03641600161790848 0.017073988914489746 0.03102588653564453
